Table Name: veh_aux.csv (52645, 16)
   YEAR  ST_CASE  VEH_NO  A_BODY  A_IMP1  A_IMP2  A_VROLL  A_LIC_S  A_LIC_C  \
0  2017    10001       1       3       2     NaN        2        1        1   
1  2017    10002       1       3       1     NaN        1        1        1   
2  2017    10003       1       6       2     NaN        2        1        1   
3  2017    10003       2       3       4     NaN        2        1        1   
4  2017    10003       3       6       4     NaN        2        1        1   
5  2017    10004       1       1       2     NaN        1        2        2   
6  2017    10005       1       2       2     NaN        1        1        1   
7  2017    10006       1       1       2     NaN        1        1        1   
8  2017    10006       2       1       2     NaN        2        1        1   
9  2017    10007       1       1       4     NaN        2        1        1   

   A_CDL_S  A_MC_L_S  A_SPVEH  A_SBUS  A_MOD_YR  A_DRDIS  A_DRDRO  
0        2         4        2       3      2004        2        2  
1        2         4        2       3      2005        2        2  
2        1         4        2       3      2007        2        2  
3        2         4        2       3      2003        2        2  
4        1         4        2       3      2015        2        2  
5        2         4        1       3      2014        2        2  
6        2         4        1       3      2010        2        2  
7        2         4        2       3      1997        2        2  
8        2         4        2       3      2002        2        2  
9        2         4        2       3      2015        2        2  
Table Name: SafetyEq.csv (7465, 10)
   STATE  ST_CASE  VEH_NO  PER_NO  NMHELMET  NMPROPAD  NMOTHPRO  NMREFCLO  \
0      1    10010       0       1         1         1         1         1   
1      1    10027       0       1         1         1         1         1   
2      1    10040       0       1         1         1         1         1   
3      1    10046       0       1         1         1         1         1   
4      1    10053       0       1         1         1         1         1   
5      1    10065       0       1         1         1         1         1   
6      1    10066       0       1         1         1         1         1   
7      1    10078       0       1         1         1         1         1   
8      1    10079       0       1         1         1         1         1   
9      1    10079       0       2         1         1         1         1   

   NMLIGHT  NMOTHPRE  
0        1         1  
1        1         1  
2        1         1  
3        1         1  
4        1         1  
5        2         1  
6        1         1  
7        1         1  
8        1         1  
9        1         1  
Table Name: PBType.csv (7363, 24)
   STATE  ST_CASE  VEH_NO  PER_NO  PBPTYPE  PBAGE  PBSEX  PBCWALK  PBSWALK  \
0      1    10010       0       1        5     20      1        0        0   
1      1    10040       0       1        5     28      1        0        0   
2      1    10046       0       1        5     14      1        0        0   
3      1    10053       0       1        5     29      1        0        0   
4      1    10065       0       1        8     37      2        0        0   
5      1    10066       0       1        5     60      1        0        0   
6      1    10078       0       1        5     54      2        0        0   
7      1    10079       0       1        5     64      1        0        0   
8      1    10079       0       2        5     31      1        0        0   
9      1    10079       0       3        5     59      2        0        0   

   PBSZONE  PEDCTYPE  BIKECTYPE  PEDLOC  BIKELOC  PEDPOS  BIKEPOS  PEDDIR  \
0        0       910          0       3        7       3        7       8   
1        0       741          0       3        7       3        7       8   
2        0       410          0       3        7       3        7       8   
3        0       610          0       3        7       3        7       8   
4        0       760          0       3        7       3        7       8   
5        0       760          0       3        7       3        7       8   
6        0       410          0       3        7       3        7       8   
7        0       230          0       3        7       6        7       8   
8        0       230          0       3        7       6        7       8   
9        0       230          0       3        7       6        7       8   

   BIKEDIR  MOTDIR  MOTMAN  PEDLEG PEDSNR  PEDCGP  BIKECGP  
0        7       8       8       8      8     910        0  
1        7       8       8       8      8     740        0  
2        7       8       8       8      8     400        0  
3        7       8       8       8      8     600        0  
4        7       8       8       8      8     750        0  
5        7       8       8       8      8     750        0  
6        7       8       8       8      8     400        0  
7        7       8       8       8      8     100        0  
8        7       8       8       8      8     100        0  
9        7       8       8       8      8     100        0  
Table Name: VSOE.csv (120258, 6)
   STATE  ST_CASE  VEH_NO  VEVENTNUM  SOE  AOI
0      1    10001       1          1   64   55
1      1    10001       1          2   38   12
2      1    10001       1          3   35   98
3      1    10001       1          4   10    4
4      1    10001       1          5   72    0
5      1    10002       1          1   64   55
6      1    10002       1          2    1    0
7      1    10003       1          1   12   12
8      1    10003       1          2    2    0
9      1    10003       2          2   12   12
Table Name: acc_aux.csv (34247, 41)
   YEAR  STATE  ST_CASE  COUNTY  FATALS  A_CRAINJ  A_REGION  A_RU  A_INTER  \
0  2017      1    10001      73       1         1         4     2        1   
1  2017      1    10002      89       1         1         4     2        1   
2  2017      1    10003     101       1         1         4     2        1   
3  2017      1    10004      73       1         1         4     2        2   
4  2017      1    10005      13       1         1         4     1        1   
5  2017      1    10006      49       1         1         4     1        1   
6  2017      1    10007      73       1         1         4     2        1   
7  2017      1    10008       3       1         1         4     1        1   
8  2017      1    10009      87       1         1         4     1        1   
9  2017      1    10010      73       1         1         4     2        1   

   A_RELRD  A_INTSEC  A_ROADFC  A_JUNC  A_MANCOL  A_TOD  A_DOW  A_CT  A_LT  \
0        3         2         1       2         1      2      2     1     2   
1        3         2         1       2         1      1      1     1     2   
2        1         2         1       2         2      2      1     3     1   
3        4         1         4       1         1      1      2     1     2   
4        3         2         1       2         1      2      2     1     2   
5        3         2         1       2         1      2      2     2     2   
6        1         2         1       2         2      1      1     2     2   
7        4         2         1       2         1      1      1     1     2   
8        3         2         1       2         1      1      1     1     2   
9        1         2         1       2         1      2      2     1     2   

   A_MC  A_SPCRA  A_PED  A_PED_F  A_PEDAL  A_PEDAL_F  A_ROLL  A_POLPUR  \
0     2        2      2        2        2          2       2         2   
1     2        2      2        2        2          2       1         2   
2     2        2      2        2        2          2       2         2   
3     2        1      2        2        2          2       1         1   
4     2        1      2        2        2          2       1         2   
5     2        2      2        2        2          2       1         2   
6     2        2      2        2        2          2       2         2   
7     2        2      2        2        2          2       1         2   
8     2        2      2        2        2          2       2         2   
9     2        2      1        1        2          2       2         2   

   A_POSBAC  A_D15_19  A_D16_19  A_D15_20  A_D16_20  A_D65PLS  A_D21_24  \
0         3         2         2         2         2         2         2   
1         2         2         2         2         2         2         2   
2         3         2         2         2         2         2         2   
3         3         1         1         1         1         2         2   
4         3         2         2         2         2         1         2   
5         3         1         1         1         1         2         2   
6         3         2         2         2         2         2         2   
7         3         2         2         2         2         1         2   
8         2         1         1         1         1         2         2   
9         3         2         2         2         2         2         2   

   A_D16_24  A_RD  A_HR  A_DIST  A_DROWSY  BIA  SPJ_INDIAN  INDIAN_RES  
0         2     1     2       2         2    0           0           0  
1         2     1     2       2         2    0           0           0  
2         2     2     2       2         2    0           0           0  
3         1     1     2       2         2    0           0           0  
4         2     1     2       2         2    0           0           0  
5         1     1     2       2         2    0           0           0  
6         2     2     2       2         2    0           0           0  
7         2     1     2       2         2    0           0           0  
8         1     1     2       2         2    0           0           0  
9         2     2     2       2         2    0           0           0  
Table Name: Damage.csv (212668, 4)
   STATE  ST_CASE  VEH_NO  MDAREAS
0      1    10001       1        1
1      1    10001       1        2
2      1    10001       1        3
3      1    10001       1        4
4      1    10001       1        5
5      1    10001       1        6
6      1    10001       1        7
7      1    10001       1        8
8      1    10001       1        9
9      1    10001       1       10
Table Name: NMPrior.csv (7741, 5)
   STATE  ST_CASE  VEH_NO  PER_NO  MPR_ACT
0      1    10010       0       1        3
1      1    10027       0       1        5
2      1    10040       0       1        3
3      1    10046       0       1        5
4      1    10053       0       1        8
5      1    10065       0       1        3
6      1    10066       0       1        3
7      1    10078       0       1        5
8      1    10079       0       1       12
9      1    10079       0       2       12
Table Name: accident.csv (34247, 52)
   STATE  ST_CASE  VE_TOTAL  VE_FORMS  PVH_INVL  PEDS  PERNOTMVIT  PERMVIT  \
0      1    10001         1         1         0     0           0        1   
1      1    10002         1         1         0     0           0        1   
2      1    10003         3         3         0     0           0        3   
3      1    10004         1         1         0     0           0        1   
4      1    10005         1         1         0     0           0        2   
5      1    10006         2         2         0     0           0        4   
6      1    10007         2         2         0     0           0        2   
7      1    10008         1         1         0     0           0        1   
8      1    10009         1         1         0     0           0        1   
9      1    10010         1         1         0     1           1        1   

   PERSONS  COUNTY  CITY  DAY  MONTH  YEAR  DAY_WEEK  HOUR  MINUTE  NHS  \
0        1      73   330   19      2  2017         1    23      35    1   
1        1      89  1730   14      2  2017         3    14      59    1   
2        3     101  2130   31      1  2017         3    20      31    1   
3        1      73   350    1      1  2017         1    16      55    0   
4        2      13     0    1      1  2017         1    20       0    1   
5        4      49     0    6      1  2017         6    18      40    1   
6        2      73   350   11      1  2017         4    17      57    1   
7        1       3     0   11      1  2017         4    16      50    1   
8        1      87     0   11      1  2017         4    14      30    1   
9        1      73     0   14      1  2017         7     4       0    1   

   RUR_URB  FUNC_SYS  RD_OWNER  ROUTE         TWAY_ID        TWAY_ID2  MILEPT  \
0        2         1         1      1           I-459             NaN      10   
1        2         1         1      1           I-565             NaN      70   
2        2         1         1      1            I-85  CHANTILLY PKWY     100   
3        2         4         4      6  20TH ST ENSLEY           AVE I       0   
4        1         1         1      1            I-65             NaN    1383   
5        1         1         1      1            I-59             NaN    2128   
6        2         1         1      1            I-59             NaN    1330   
7        1         1         1      1            I-65             NaN     466   
8        1         1         1      1            I-85             NaN     234   
9        2         1         1      1            I-59             NaN    1450   

    LATITUDE   LONGITUD  SP_JUR  HARM_EV  MAN_COLL  RELJCT1  RELJCT2  TYP_INT  \
0  33.335661 -87.007094       0       38         0        0        1        1   
1  34.661528 -86.786853       0        1         0        0        1        1   
2  32.366519 -86.145281       0       12         1        0        1        1   
3  33.510175 -86.894003       0       30         0        0        3        2   
4  31.947236 -86.556778       0       35         0        0        1        1   
5  34.367078 -85.804172       0       34         0        0        1        1   
6  33.545511 -86.761394       0       12         1        0        1        1   
7  31.033667 -87.635103       0       35         0        0        1        1   
8  32.417592 -85.942906       0       21         0        0        1        1   
9  33.668442 -86.553425       0        8         0        0        1        1   

   WRK_ZONE  REL_ROAD  LGT_COND  WEATHER1  WEATHER2  WEATHER  SCH_BUS  \
0         0         3         2         1         0        1        0   
1         0         3         1         1         0        1        0   
2         0         1         2         1         0        1        0   
3         0         4         3         2         0        2        0   
4         0         3         2         2         0        2        0   
5         0         3         2        10         0       10        0   
6         0         1         1         1         0        1        0   
7         0         4         1         1         0        1        0   
8         0         3         1         1         0        1        0   
9         0         1         2         1         0        1        0   

      RAIL  NOT_HOUR  NOT_MIN  ARR_HOUR  ARR_MIN  HOSP_HR  HOSP_MN  CF1  CF2  \
0  725409J        99       99        99       99       88       88    0    0   
1  0000000        15        0        15        9       88       88    0    0   
2  0000000        99       99        99       99       88       88    0    0   
3  0000000        99       99        16       58       88       88   20    0   
4  0000000        20       17        20       31       21       11    0    0   
5  0000000        18       40        18       46       99       99    0    0   
6  0000000        99       99        99       99       88       88    0    0   
7  0000000        16       52        17       10       99       99    0    0   
8  0000000        99       99        14       40       88       88    0    0   
9  0000000        99       99         4       39       88       88    0    0   

   CF3  FATALS  DRUNK_DR  
0    0       1         0  
1    0       1         0  
2    0       1         0  
3    0       1         0  
4    0       1         0  
5    0       1         0  
6    0       1         0  
7    0       1         0  
8    0       1         0  
9    0       1         0  
Table Name: Maneuver.csv (52656, 4)
   STATE  ST_CASE  VEH_NO  MDRMANAV
0      1    10001       1        98
1      1    10002       1        98
2      1    10003       1        98
3      1    10003       2        98
4      1    10003       3        98
5      1    10004       1        98
6      1    10005       1        98
7      1    10006       1        98
8      1    10006       2        92
9      1    10007       1        98
Table Name: Factor.csv (52720, 4)
   STATE  ST_CASE  VEH_NO  MFACTOR
0      1    10001       1        0
1      1    10002       1        0
2      1    10003       1        0
3      1    10003       2        0
4      1    10003       3        0
5      1    10004       1        0
6      1    10005       1        0
7      1    10006       1        0
8      1    10006       2        0
9      1    10007       1        0
Table Name: DrImpair.csv (52854, 4)
   STATE  ST_CASE  VEH_NO  DRIMPAIR
0      1    10001       1         0
1      1    10002       1        99
2      1    10003       1         0
3      1    10003       2        99
4      1    10003       3         0
5      1    10004       1        99
6      1    10005       1         0
7      1    10006       1         0
8      1    10006       2         0
9      1    10007       1         0
Table Name: Distract.csv (52692, 4)
   STATE  ST_CASE  VEH_NO  MDRDSTRD
0      1    10001       1         0
1      1    10002       1         0
2      1    10003       1        99
3      1    10003       2        99
4      1    10003       3        99
5      1    10004       1        99
6      1    10005       1        99
7      1    10006       1        99
8      1    10006       2         0
9      1    10007       1        99
Table Name: parkwork.csv (1357, 60)
   STATE  ST_CASE  VEH_NO  PVE_FORMS  PNUMOCCS  PDAY  PMONTH  PHOUR  PMINUTE  \
0      1    10072       2          1         1     8       2      9       50   
1      1    10079       2          1         0    14       2      5       45   
2      1    10079       3          1         0    14       2      5       45   
3      1    10161       2          1         0     6       4     14       30   
4      1    10176       2          1         0    26       2      2       55   
5      1    10176       3          1         0    26       2      2       55   
6      1    10232       2          1         0    16       4      3       59   
7      1    10232       3          1         0    16       4      3       59   
8      1    10232       4          1         0    16       4      3       59   
9      1    10300       2          1         0    18       5     23       45   

   PHARM_EV  PMAN_COLL  PTYPE  PHIT_RUN  PREG_STAT  POWNER  PMAKE  PMODEL  \
0        33          0      3         0          1       6      6      54   
1         8          0      2         0          1       6     12     471   
2         8          0      2         0          1       6     20     431   
3        14          0      3         0          1       6     12      37   
4        14          0      3         0          1       6     49     471   
5        14          0      3         0          1       6     20     481   
6        33          0      3         0         99       6     20     481   
7        33          0      3         0          0       6     20       2   
8        33          0      3         0          0       6     20     481   
9        34          0      3         0          1       6     22      18   

   PMAK_MOD  PBODYTYP  PMODYEAR          PVIN PVIN_1 PVIN_2 PVIN_3 PVIN_4  \
0      6054         6      2006  2A8GF78496R6      2      A      8      G   
1     12471        34      2001  1FTYR14EX1PA      1      F      T      Y   
2     20431        16      1994  1GNEC16K6RJ3      1      G      N      E   
3     12037         4      2006  1FAFP34N76W2      1      F      A      F   
4     49471        34      1990  JT4VN13G9L50      J      T      4      V   
5     20481        34      1998  1GCEC14R4WZ1      1      G      C      E   
6     20481        34      1994  999999999999      9      9      9      9   
7     20002         9      2004  999999999999      9      9      9      9   
8     20481        34      2006  999999999999      9      9      9      9   
9     22018         9      1999  999999999999      9      9      9      9   

  PVIN_5 PVIN_6 PVIN_7 PVIN_8 PVIN_9 PVIN_10 PVIN_11 PVIN_12  PTRAILER  \
0      F      7      8      4      9       6       R       6         0   
1      R      1      4      E      X       1       P       A         0   
2      C      1      6      K      6       R       J       3         0   
3      P      3      4      N      7       6       W       2         0   
4      N      1      3      G      9       L       5       0         0   
5      C      1      4      R      4       W       Z       1         0   
6      9      9      9      9      9       9       9       9         0   
7      9      9      9      9      9       9       9       9         0   
8      9      9      9      9      9       9       9       9         0   
9      9      9      9      9      9       9       9       9         0   

   PMCARR_I1  PMCARR_I2    PMCARR_ID  PGVWR  PV_CONFIG  PCARGTYP  PHAZ_INV  \
0          0  000000000  00000000000      0          0         0         1   
1          0  000000000  00000000000      0          0         0         1   
2          0  000000000  00000000000      0          0         0         1   
3          0  000000000  00000000000      0          0         0         1   
4          0  000000000  00000000000      0          0         0         1   
5          0  000000000  00000000000      0          0         0         1   
6          0  000000000  00000000000      0          0         0         1   
7          0  000000000  00000000000      0          0         0         1   
8          0  000000000  00000000000      0          0         0         1   
9          0  000000000  00000000000      0          0         0         1   

   PHAZPLAC  PHAZ_ID  PHAZ_CNO  PHAZ_REL  PBUS_USE  PSP_USE  PEM_USE  \
0         0        0         0         0         0        0        0   
1         0        0         0         0         0        0        0   
2         0        0         0         0         0        0        0   
3         0        0         0         0         0        0        0   
4         0        0         0         0         0        0        0   
5         0        0         0         0         0        0        0   
6         0        0         0         0         0        0        0   
7         0        0         0         0         0        0        0   
8         0        0         0         0         0        0        0   
9         0        0         0         0         0        0        0   

   PUNDERIDE  PIMPACT1  PVEH_SEV  PTOWED  PM_HARM  PVEH_SC1  PVEH_SC2  PFIRE  \
0          0        12         6       2       12         0         0      0   
1          0         5         6       2       12         0         0      0   
2          0         5         6       2       12         0         0      0   
3          0         7         6       2       12         0         0      0   
4          0        12         6       5       12         0         0      0   
5          0        11         2       5       12         0         0      0   
6          0        98         4       5       14         0         0      0   
7          0        98         4       5       14         0         0      0   
8          0        98         4       5       12         0         0      0   
9          0        13         9       9       12         0         0      0   

   PDEATHS     PTRLR1VIN     PTRLR2VIN     PTRLR3VIN  
0        0  777777777777  777777777777  777777777777  
1        0  777777777777  777777777777  777777777777  
2        0  777777777777  777777777777  777777777777  
3        0  777777777777  777777777777  777777777777  
4        0  777777777777  777777777777  777777777777  
5        0  777777777777  777777777777  777777777777  
6        0  777777777777  777777777777  777777777777  
7        0  777777777777  777777777777  777777777777  
8        0  777777777777  777777777777  777777777777  
9        0  777777777777  777777777777  777777777777  
Table Name: vehicle.csv (52645, 105)
   STATE  ST_CASE  VEH_NO  VE_FORMS  NUMOCCS  DAY  MONTH  HOUR  MINUTE  \
0      1    10001       1         1        1   19      2    23      35   
1      1    10002       1         1        1   14      2    14      59   
2      1    10003       1         3        1   31      1    20      31   
3      1    10003       2         3        1   31      1    20      31   
4      1    10003       3         3        1   31      1    20      31   
5      1    10004       1         1        1    1      1    16      55   
6      1    10005       1         1        2    1      1    20       0   
7      1    10006       1         2        1    6      1    18      40   
8      1    10006       2         2        3    6      1    18      40   
9      1    10007       1         2        1   11      1    17      57   

   HARM_EV  MAN_COLL  UNITTYPE  HIT_RUN  REG_STAT  OWNER  MAKE  MODEL  \
0       38         0         1        0         1      1    20    421   
1        1         0         1        0         1      1    37    402   
2       12         1         1        0        13      1    82    881   
3       12         1         1        0         1      1     2    404   
4       12         1         1        0        26      1    84    884   
5       30         0         1        0         1      2    30     46   
6       35         0         1        0        47      1    12    471   
7       34         0         1        0         1      2    49     32   
8       34         0         1        0         1      2    14     17   
9       12         1         1        0         1      1    55     33   

   MAK_MOD  BODY_TYP  MOD_YEAR           VIN VIN_1 VIN_2 VIN_3 VIN_4 VIN_5  \
0    20421        15      2004  1GNEC13V94J1     1     G     N     E     C   
1    37402        14      2005  JHLRD78905C0     J     H     L     R     D   
2    82881        66      2007  1FUJA6CK27LX     1     F     U     J     A   
3     2404        14      2003  1J4GX48S83C5     1     J     4     G     X   
4    84884        66      2015  3HSDMAPR3FN5     3     H     S     D     M   
5    30046         4      2014  1VWAT7A30EC0     1     V     W     A     T   
6    12471        34      2010  1FTKR1ADXAPA     1     F     T     K     R   
7    49032         4      1997  1NXBB02E1VZ6     1     N     X     B     B   
8    14017         4      2002  1MEFM50U92A6     1     M     E     F     M   
9    55033         4      2015  5NPE34AF1FH2     5     N     P     E     3   

  VIN_6 VIN_7 VIN_8 VIN_9 VIN_10 VIN_11 VIN_12  TOW_VEH  J_KNIFE  MCARR_I1  \
0     1     3     V     9      4      J      1        1        1         0   
1     7     8     9     0      5      C      0        0        0         0   
2     6     C     K     2      7      L      X        1        1        99   
3     4     8     S     8      3      C      5        0        0         0   
4     A     P     R     3      F      N      5        1        1        99   
5     7     A     3     0      E      C      0        0        0         0   
6     1     A     D     X      A      P      A        0        0         0   
7     0     2     E     1      V      Z      6        0        0         0   
8     5     0     U     9      2      A      6        0        0         0   
9     4     A     F     1      F      H      2        0        0         0   

    MCARR_I2     MCARR_ID  GVWR  V_CONFIG  CARGO_BT  HAZ_INV  HAZ_PLAC  \
0  000000000  00000000000     0         0         0        1         0   
1  000000000  00000000000     0         0         0        1         0   
2  999999999  99999999999     3         6         3        1         0   
3  000000000  00000000000     0         0         0        1         0   
4  999999999  99999999999     3         6         3        1         0   
5  000000000  00000000000     0         0         0        1         0   
6  000000000  00000000000     0         0         0        1         0   
7  000000000  00000000000     0         0         0        1         0   
8  000000000  00000000000     0         0         0        1         0   
9  000000000  00000000000     0         0         0        1         0   

   HAZ_ID  HAZ_CNO  HAZ_REL  BUS_USE  SPEC_USE  EMER_USE  TRAV_SP  UNDERIDE  \
0       0        0        0        0         0         0      999         0   
1       0        0        0        0         0         0      999         0   
2       0        0        0        0         0         0      999         0   
3       0        0        0        0         0         0      999         0   
4       0        0        0        0         0         0      999         0   
5       0        0        0        0         0         0      999         0   
6       0        0        0        0         0         0       70         0   
7       0        0        0        0         0         0       70         0   
8       0        0        0        0         0         0       65         0   
9       0        0        0        0         0         0      999         0   

   ROLLOVER  ROLINLOC  IMPACT1  DEFORMED  TOWED  M_HARM  VEH_SC1  VEH_SC2  \
0         0         0       12         6      2      35        0        0   
1         9         3        0         6      2       1        0        0   
2         0         0       12         6      2      12        0        0   
3         0         0        6         6      2      12        0        0   
4         0         0        6         6      2      12        0        0   
5         1         5       11         6      2      19        0        0   
6         1         3       12         6      2      35        0        0   
7         1         3       11         6      2       1        0        0   
8         0         0       11         6      2      24        0        0   
9         0         0        6         2      5      12        0        0   

   FIRE_EXP  DR_PRES  L_STATE  DR_ZIP  L_STATUS  L_TYPE  CDL_STAT  L_ENDORS  \
0         0        1        1   35111         6       1         0         0   
1         0        1        1   35601         6       1         0         0   
2         1        1       13   30220         6       1         6         0   
3         0        1        1   36106         6       1         0         0   
4         0        1       26   49242         6       1         6         0   
5         0        1        1   35208         0       0         0         0   
6         0        1       47   37354         6       1         0         0   
7         0        1        1   35768         6       1         0         0   
8         0        1        1   35983         6       1         0         0   
9         0        1        1   35242         6       1         0         0   

   L_COMPL  L_RESTRI  DR_HGT  DR_WGT  PREV_ACC  PREV_SUS  PREV_DWI  PREV_SPD  \
0        3         0      77     250         2         0         0         3   
1        3         1      66     150         0         0         0         1   
2        3         1      73     220        98         0         0         0   
3        3         0      70     218         1         0         0         0   
4        3         1      71     220         0         0         0         0   
5        0         0     999     999         0         0         0         0   
6        3         0      66     170         1         0         0         0   
7        3         0      62     135         0         0         0         0   
8        3         1      66     140         0         0         0         1   
9        3         0      65     160         0         0         0         0   

   PREV_OTH  FIRST_MO  FIRST_YR  LAST_MO  LAST_YR  SPEEDREL  DR_SF1  DR_SF2  \
0         0         8      2012       12     2016         0       0       0   
1         0         2      2014        2     2014         9      99      99   
2         0         0         0        0        0         9      99      99   
3         0         1      2013        1     2013         9      99      99   
4         0         0         0        0        0         0       0       0   
5         0         0         0        0        0         4      53      28   
6         0         9      2015        9     2015         4       0       0   
7         0         0         0        0        0         0       0       0   
8         0        11      2016       11     2016         0      89       0   
9         0         0         0        0        0         9       0       0   

   DR_SF3  DR_SF4  VTRAFWAY  VNUM_LAN  VSPD_LIM  VALIGN  VPROFILE  VPAVETYP  \
0       0       0         2         2        70       1         1         2   
1      99      99         2         2        70       1         1         2   
2      99      99         2         2        70       1         5         2   
3      99      99         2         2        70       1         5         2   
4       0       0         2         2        70       1         5         2   
5      37       0         2         3        40       1         1         2   
6       0       0         2         2        70       1         1         2   
7       0       0         2         2        70       1         1         2   
8       0       0         2         2        70       1         1         2   
9       0       0         3         2        60       3         5         2   

   VSURCOND  VTRAFCON  VTCONT_F  P_CRASH1  P_CRASH2  P_CRASH3  PCRASH4  \
0         1         0         0         1        12        99        1   
1         1         0         0         1        12        99        1   
2         1         0         0         1        99        99        1   
3         1         0         0        15        99        99        9   
4         1         0         0         1        99        99        1   
5         2         3         3         1        12        99        9   
6         2         0         0         1        12        99        1   
7         1         0         0         1        12        99        4   
8         1         0         0         1        62         7        4   
9         1         0         0        14        53        99        1   

   PCRASH5  ACC_TYPE      TRLR1VIN      TRLR2VIN      TRLR3VIN  DEATHS  \
0        4         6  888888888888  777777777777  777777777777       1   
1        4         6  777777777777  777777777777  777777777777       1   
2        1        33  888888888888  777777777777  777777777777       0   
3        9        33  777777777777  777777777777  777777777777       1   
4        1        98  888888888888  777777777777  777777777777       0   
5        4         7  777777777777  777777777777  777777777777       1   
6        4         6  777777777777  777777777777  777777777777       1   
7        4         7  777777777777  777777777777  777777777777       1   
8        4        98  777777777777  777777777777  777777777777       0   
9        1        25  777777777777  777777777777  777777777777       1   

   DR_DRINK  
0         0  
1         0  
2         0  
3         0  
4         0  
5         0  
6         0  
7         0  
8         0  
9         0  
Table Name: Violatn.csv (55619, 4)
   STATE  ST_CASE  VEH_NO  MVIOLATN
0      1    10001       1         0
1      1    10002       1         0
2      1    10003       1         0
3      1    10003       2         0
4      1    10003       3         0
5      1    10004       1         0
6      1    10005       1         0
7      1    10006       1         0
8      1    10006       2         0
9      1    10007       1         0
Table Name: cevent.csv (100567, 8)
   STATE  ST_CASE  EVENTNUM  VNUMBER1  AOI1  SOE  VNUMBER2  AOI2
0      1    10001         1         1    55   64      5555    55
1      1    10001         2         1    12   38      9999    77
2      1    10001         3         1    98   35      9999    77
3      1    10001         4         1     4   10      9999    77
4      1    10001         5         1     0   72      9999    77
5      1    10002         1         1    55   64      5555    55
6      1    10002         2         1     0    1      9999    77
7      1    10003         1         1    12   12         2     6
8      1    10003         2         1     0    2      9999    77
9      1    10003         3         2    12   12         3     6
Table Name: Vision.csv (52690, 4)
   STATE  ST_CASE  VEH_NO  MVISOBSC
0      1    10001       1         0
1      1    10002       1         0
2      1    10003       1         0
3      1    10003       2         0
4      1    10003       3         0
5      1    10004       1         3
6      1    10005       1         0
7      1    10006       1         0
8      1    10006       2         0
9      1    10007       1         0
Table Name: miacc.csv (34247, 11)
   ST_CASE  A1  A2  A3  A4  A5  A6  A7  A8  A9  A10
0    10001   0   8   0   0  11   0   0   0   0    0
1    10002   0   0   0   0   0   0   0   0   0    0
2    10003   0   0   0   0   0   0   0   0   0    0
3    10004   0  23  16   0   0   0  12   0  26    0
4    10005   0   0  19  14  24  11   0   0   0    0
5    10006  22   0   0   0   0  10   0   0   0    0
6    10007   0  15   0  13   5   6   0   0  14    5
7    10008   0   0   0   0   0   0   8   0   0    0
8    10009   0   0   0   0   0   0   0   0   0    0
9    10010   0   0   0   0   0   9   0   0   0    0
Table Name: miper.csv (59738, 13)
   ST_CASE  VEH_NO  PER_NO  P1  P2  P3  P4  P5  P6  P7  P8  P9  P10
0    10001       1       1   0   8   0   0  11   0   0   0   0    0
1    10002       1       1   0   0   0   0   0   0   0   0   0    0
2    10003       1       1   0   0   0   0   0   0   0   0   0    0
3    10003       2       1   0   0   0   0   0   0   0   0   0    0
4    10003       3       1   0   0   0   0   0   0   0   0   0    0
5    10004       1       1   0  23  16   0   0   0  12   0  26    0
6    10005       1       1   0   0  19  14  24  11   0   0   0    0
7    10006       1       1   0   0   0   0   0   0   0   0   0    0
8    10006       2       1  22   0   0   0   0  10   0   0   0    0
9    10007       1       1   0   0   0   0   0   0   0   0   0    0
Table Name: NMImpair.csv (7489, 5)
   STATE  ST_CASE  VEH_NO  PER_NO  NMIMPAIR
0      1    10010       0       1        99
1      1    10027       0       1         0
2      1    10040       0       1         0
3      1    10046       0       1        99
4      1    10053       0       1         9
5      1    10065       0       1        99
6      1    10066       0       1         0
7      1    10078       0       1         8
8      1    10079       0       1         0
9      1    10079       0       2        99
Table Name: VEvent.csv (120258, 10)
   STATE  ST_CASE  EVENTNUM  VEH_NO  VEVENTNUM  VNUMBER1  AOI1  SOE  VNUMBER2  \
0      1    10001         1       1          1         1    55   64      5555   
1      1    10001         2       1          2         1    12   38      9999   
2      1    10001         3       1          3         1    98   35      9999   
3      1    10001         4       1          4         1     4   10      9999   
4      1    10001         5       1          5         1     0   72      9999   
5      1    10002         1       1          1         1    55   64      5555   
6      1    10002         2       1          2         1     0    1      9999   
7      1    10003         1       1          1         1    12   12         2   
8      1    10003         2       1          2         1     0    2      9999   
9      1    10003         1       2          1         1    12   12         2   

   AOI2  
0    55  
1    77  
2    77  
3    77  
4    77  
5    55  
6    77  
7     6  
8    77  
9     6  
Table Name: person.csv (84921, 68)
   STATE  ST_CASE  VE_FORMS  VEH_NO  PER_NO  STR_VEH  COUNTY  DAY  MONTH  \
0      1    10001         1       1       1        0      73   19      2   
1      1    10002         1       1       1        0      89   14      2   
2      1    10003         3       1       1        0     101   31      1   
3      1    10003         3       2       1        0     101   31      1   
4      1    10003         3       3       1        0     101   31      1   
5      1    10004         1       1       1        0      73    1      1   
6      1    10005         1       1       1        0      13    1      1   
7      1    10005         1       1       2        0      13    1      1   
8      1    10006         2       1       1        0      49    6      1   
9      1    10006         2       2       1        0      49    6      1   

   HOUR  MINUTE  RUR_URB  FUNC_SYS  HARM_EV  MAN_COLL  SCH_BUS  MAKE  MAK_MOD  \
0    23      35        2         1       38         0        0  20.0  20421.0   
1    14      59        2         1        1         0        0  37.0  37402.0   
2    20      31        2         1       12         1        0  82.0  82881.0   
3    20      31        2         1       12         1        0   2.0   2404.0   
4    20      31        2         1       12         1        0  84.0  84884.0   
5    16      55        2         4       30         0        0  30.0  30046.0   
6    20       0        1         1       35         0        0  12.0  12471.0   
7    20       0        1         1       35         0        0  12.0  12471.0   
8    18      40        1         1       34         0        0  49.0  49032.0   
9    18      40        1         1       34         0        0  14.0  14017.0   

   BODY_TYP  MOD_YEAR  TOW_VEH  SPEC_USE  EMER_USE  ROLLOVER  IMPACT1  \
0      15.0    2004.0      1.0       0.0       0.0       0.0     12.0   
1      14.0    2005.0      0.0       0.0       0.0       9.0      0.0   
2      66.0    2007.0      1.0       0.0       0.0       0.0     12.0   
3      14.0    2003.0      0.0       0.0       0.0       0.0      6.0   
4      66.0    2015.0      1.0       0.0       0.0       0.0      6.0   
5       4.0    2014.0      0.0       0.0       0.0       1.0     11.0   
6      34.0    2010.0      0.0       0.0       0.0       1.0     12.0   
7      34.0    2010.0      0.0       0.0       0.0       1.0     12.0   
8       4.0    1997.0      0.0       0.0       0.0       1.0     11.0   
9       4.0    2002.0      0.0       0.0       0.0       0.0     11.0   

   FIRE_EXP  AGE  SEX  PER_TYP  INJ_SEV  SEAT_POS  REST_USE  REST_MIS  \
0       0.0   42    1        1        4        11        20         0   
1       0.0   43    1        1        4        11         3         0   
2       1.0   63    1        1        0        11         3         0   
3       0.0   47    1        1        4        11         3         0   
4       0.0   64    1        1        0        11         3         0   
5       0.0   18    1        1        4        11         3         0   
6       0.0   67    2        1        4        11         3         0   
7       0.0   17    1        2        3        13         3         0   
8       0.0   18    2        1        4        11        20         0   
9       0.0   37    2        1        3        11         3         0   

   AIR_BAG  EJECTION  EJ_PATH  EXTRICAT  DRINKING  ALC_DET  ALC_STATUS  \
0        1         1        9         0         0        9           0   
1        8         0        0         0         9        9           2   
2       20         0        0         0         0        9           2   
3       99         0        0         0         0        9           2   
4       20         0        0         0         0        9           0   
5        8         0        0         0         9        9           0   
6        1         0        0         0         0        9           0   
7       20         0        0         0         8        9           0   
8       20         1        9         0         0        9           0   
9       20         0        0         0         0        9           0   

   ATST_TYP  ALC_RES  DRUGS  DRUG_DET  DSTATUS  DRUGTST1  DRUGTST2  DRUGTST3  \
0         0      996      0         8        0         0         0         0   
1         1        0      9         8        2         1         1         1   
2        10        0      0         8        0         0         0         0   
3         1        0      0         8        2         1         0         0   
4         0      996      0         8        0         0         0         0   
5         0      996      9         8        0         0         0         0   
6         0      996      0         8        0         0         0         0   
7         0      996      8         8        0         0         0         0   
8         0      996      0         8        0         0         0         0   
9         0      996      0         8        0         0         0         0   

   DRUGRES1  DRUGRES2  DRUGRES3  HOSPITAL  DOA  DEATH_DA  DEATH_MO  DEATH_YR  \
0         0         0         0         0    7        19         2      2017   
1       605       600       996         0    7        14         2      2017   
2         0         0         0         0    0        88        88      8888   
3         1         0         0         0    7        31         1      2017   
4         0         0         0         0    0        88        88      8888   
5         0         0         0         0    7         1         1      2017   
6         0         0         0         0    7         1         1      2017   
7         0         0         0         5    0        88        88      8888   
8         0         0         0         0    7         6         1      2017   
9         0         0         0         5    0        88        88      8888   

   DEATH_HR  DEATH_MN  DEATH_TM  LAG_HRS  LAG_MINS  P_SF1  P_SF2  P_SF3  \
0        23        35      2335        0         0      0      0      0   
1        14        59      1459        0         0      0      0      0   
2        88        88      8888      999        99      0      0      0   
3        20        31      2031        0         0      0      0      0   
4        88        88      8888      999        99      0      0      0   
5        16        55      1655        0         0      0      0      0   
6        20         0      2000        0         0      0      0      0   
7        88        88      8888      999        99      0      0      0   
8        18        40      1840        0         0      0      0      0   
9        88        88      8888      999        99      0      0      0   

   WORK_INJ  HISPANIC  RACE  LOCATION  
0         0         7     1         0  
1         0         7     1         0  
2         8         0     0         0  
3         0         7     2         0  
4         8         0     0         0  
5         0         7     2         0  
6         0         7     1         0  
7         8         0     0         0  
8         0         7     1         0  
9         8         0     0         0  
Table Name: midrvacc.csv (34157, 11)
   ST_CASE  A1  A2  A3  A4  A5  A6  A7  A8  A9  A10
0    10001   0   8   0   0  11   0   0   0   0    0
1    10002   0   0   0   0   0   0   0   0   0    0
2    10003   0   0   0   0   0   0   0   0   0    0
3    10004   0  23  16   0   0   0  12   0  26    0
4    10005   0   0  19  14  24  11   0   0   0    0
5    10006  22   0   0   0   0  10   0   0   0    0
6    10007   0  15   0  13   5   6   0   0  14    5
7    10008   0   0   0   0   0   0   8   0   0    0
8    10009   0   0   0   0   0   0   0   0   0    0
9    10010   0   0   0   0   0   0   0   0   0    0
Table Name: per_aux.csv (84921, 23)
   A_AGE1  A_AGE2  A_AGE3  A_AGE4  A_AGE5  A_AGE6  A_AGE7  A_AGE8  A_AGE9  \
0       3       5       8       5       5       5       7       4       2   
1       3       5       8       5       5       5       7       4       2   
2       4       5      10       6       7       7       9       6       2   
3       3       5       9       6       6       6       8       4       2   
4       4       5      10       6       7       7       9       6       2   
5       2       2       5       2       2       2       4       1       2   
6       4       5      11       7       8       8      10       6       2   
7       2       2       5       2       2       2       4       1       2   
8       2       2       5       2       2       2       4       1       2   
9       3       5       8       5       5       5       7       3       2   

   ST_CASE  VEH_NO  PER_NO  YEAR  A_PTYPE  A_RESTUSE  A_HELMUSE  A_ALCTES  \
0    10001       1       1  2017        1          2          2         3   
1    10002       1       1  2017        1          1          2         1   
2    10003       1       1  2017        1          1          2         1   
3    10003       2       1  2017        1          1          2         1   
4    10003       3       1  2017        1          1          2         3   
5    10004       1       1  2017        1          1          2         3   
6    10005       1       1  2017        1          1          2         3   
7    10005       1       2  2017        2          1          2         3   
8    10006       1       1  2017        1          2          2         3   
9    10006       2       1  2017        1          1          2         3   

   A_HISP  A_RCAT  A_HRACE  A_EJECT  A_PERINJ  A_LOC  
0       1       1        2        2         1      1  
1       1       1        2        1         1      1  
2       0       0        0        1         6      1  
3       1       2        3        1         1      1  
4       0       0        0        1         6      1  
5       1       2        3        1         1      1  
6       1       1        2        1         1      1  
7       0       0        0        1         6      1  
8       1       1        2        2         1      1  
9       0       0        0        1         6      1  
Table Name: nmcrash.csv (9664, 5)
   STATE  ST_CASE  VEH_NO  PER_NO  MTM_CRSH
0      1    10010       0       1        12
1      1    10027       0       1        19
2      1    10040       0       1        11
3      1    10040       0       1        12
4      1    10046       0       1         9
5      1    10053       0       1        19
6      1    10065       0       1         0
7      1    10066       0       1         2
8      1    10066       0       1        12
9      1    10078       0       1         9
Table Name: VINDecode.csv (54002, 103)
   STATE  ST_CASE  VEH_NO NCICMAKE  VINYEAR VEHTYPE      VEHTYPE_T  \
0      1    10001       1     CHEV   2004.0       T          Truck   
1      1    10002       1     HOND   2005.0       T          Truck   
2      1    10003       1     FRHT   2007.0       T          Truck   
3      1    10003       2     JEEP   2003.0       T          Truck   
4      1    10003       3     INTL   2015.0       T          Truck   
5      1    10004       1     VOLK   2014.0       P  Passenger Car   
6      1    10005       1     FORD   2010.0       T          Truck   
7      1    10006       1     TOYT   1997.0       P  Passenger Car   
8      1    10006       2     MERC   2002.0       P  Passenger Car   
9      1    10007       1     HYUN   2015.0       P  Passenger Car   

       VINMAKE_T      VINMODEL_T VINTRIM_T VINTRIM1_T VINTRIM2_T VINTRIM3_T  \
0      CHEVROLET           TAHOE     C1500        NaN        NaN        NaN   
1          HONDA            CR-V        SE         EX        NaN        NaN   
2   FREIGHTLINER    CONVENTIONAL  COLUMBIA        NaN        NaN        NaN   
3           JEEP  GRAND CHEROKEE    LAREDO        NaN        NaN        NaN   
4  INTERNATIONAL            9900     9900I        NaN        NaN        NaN   
5     VOLKSWAGEN          PASSAT         S        NaN        NaN        NaN   
6           FORD          RANGER       NaN        NaN        NaN        NaN   
7         TOYOTA         COROLLA        DX        NaN        NaN        NaN   
8        MERCURY           SABLE        GS    GS PLUS        NaN        NaN   
9        HYUNDAI          SONATA     SPORT    LIMITED        NaN        NaN   

  VINTRIM4_T BODYSTYL             BODYSTYL_T  DOORS  WHEELS  DRIVWHLS   MFG  \
0        NaN       UT  SPORT UTILITY VEHICLE    4.0     4.0       2.0  C137   
1        NaN       UT  SPORT UTILITY VEHICLE    4.0     4.0       4.0  C141   
2        NaN       TR          TRACTOR TRUCK    0.0     6.0       4.0  C182   
3        NaN       UT  SPORT UTILITY VEHICLE    4.0     4.0       2.0  C212   
4        NaN       TR          TRACTOR TRUCK    0.0     6.0       4.0  C162   
5        NaN       SD                  SEDAN    4.0     4.0       2.0  C176   
6        NaN       PK                 PICKUP    2.0     4.0       2.0  C134   
7        NaN       SD                  SEDAN    4.0     0.0       0.0  C175   
8        NaN       SD                  SEDAN    4.0     0.0       0.0  C134   
9        NaN       SD                  SEDAN    4.0     4.0       2.0  C142   

                    MFG_T  DISPLCI  DISPLCC CYLNDRS  CYCLES FUEL  FUEL_T  \
0          General Motors    293.0      0.0       8     NaN    G     Gas   
1                   Honda    146.0      0.0       4     NaN    G     Gas   
2                 Daimler    855.0      0.0       6     NaN    D  Diesel   
3      Chrysler Group LLC    244.0      0.0       6     NaN    G     Gas   
4  Navistar International    915.0      0.0       6     NaN    D  Diesel   
5              Volkswagen    109.0      0.0       4     NaN    G     Gas   
6                    Ford    140.0      0.0       4     NaN    G     Gas   
7                  Toyota    108.0      0.0       4     NaN    G     Gas   
8                    Ford    182.0      0.0       6     NaN    G     Gas   
9                 Hyundai    144.0      0.0       4     NaN    G     Gas   

  FUELINJ   FUELINJ_T CARBTYPE      CARBTYPE_T CARBBRLS  GVWRANGE  \
0       U     Unknown        F  Fuel Injection      NaN       2.0   
1       U     Unknown        F  Fuel Injection      NaN       1.0   
2     NaN         NaN      NaN             NaN      NaN       8.0   
3       U     Unknown        F  Fuel Injection      NaN       1.0   
4     NaN         NaN      NaN             NaN      NaN       8.0   
5     NaN         NaN        F  Fuel Injection      NaN       NaN   
6       S  Sequential        F  Fuel Injection      NaN       1.0   
7       U     Unknown        F  Fuel Injection      NaN       NaN   
8       U     Unknown        F  Fuel Injection      NaN       NaN   
9       D      Direct        F  Fuel Injection      NaN       NaN   

        GVWRANGE_T  WHLBSH  WHLBLG  TIREDESC_F  PSI_F TIRESZ_F TIRESZ_F_T  \
0  6,001 - 10,000#   116.0   116.0         NaN    0.0       71     16R265   
1       0 - 6,000#   103.3   103.3         NaN    0.0       30     15R205   
2        33,000# +     NaN     NaN         NaN    0.0      NaN        NaN   
3       0 - 6,000#   105.9   105.9         NaN    0.0      NaN        NaN   
4        33,000# +     NaN     NaN         NaN    0.0      NaN        NaN   
5              NaN   110.4   110.4         NaN    0.0       38     16R215   
6       0 - 6,000#   111.5   111.5         NaN    0.0       32     15R225   
7              NaN    97.0    97.0         NaN    0.0       15     14R185   
8              NaN   108.5   108.5         NaN    0.0       38     16R215   
9              NaN   110.4   110.4         NaN    0.0       44     17R215   

   TIREDESC_R  PSI_R REARSIZE REARSIZE_T TONRATING  SHIPWEIGHT     MSRP  \
0         NaN    0.0      NaN        NaN         B      4828.0  34400.0   
1         NaN    0.0      NaN        NaN       NaN      3494.0  25050.0   
2         NaN    0.0      NaN        NaN       NaN         0.0      0.0   
3         NaN    0.0      NaN        NaN       NaN      3704.0  26045.0   
4         NaN    0.0      NaN        NaN       NaN         0.0      0.0   
5         NaN    0.0       38     16R215       NaN      3221.0  21995.0   
6         NaN    0.0       32     15R225         B      3028.0  17440.0   
7         NaN    0.0      NaN        NaN       NaN      2403.0  14188.0   
8         NaN    0.0      NaN        NaN       NaN      3379.0  19630.0   
9         NaN    0.0       44     17R215       NaN      3252.0  23175.0   

  DRIVETYP         DRIVETYP_T SALECTRY SALECTRY_T  ABS          ABS_T  \
0      RWD   Rear Wheel Drive      NaN        NaN    2  All Wheel Std   
1      AWD    All Wheel Drive      NaN        NaN    2  All Wheel Std   
2      RWD   Rear Wheel Drive      NaN        NaN  NaN            NaN   
3      RWD   Rear Wheel Drive      NaN        NaN    2  All Wheel Std   
4      RWD   Rear Wheel Drive      NaN        NaN  NaN            NaN   
5      FWD  Front Wheel Drive      NaN        NaN    2  All Wheel Std   
6      RWD   Rear Wheel Drive      NaN        NaN    2  All Wheel Std   
7      FWD  Front Wheel Drive      NaN        NaN    5  All Wheel Opt   
8      FWD  Front Wheel Drive      NaN        NaN    7      Other Opt   
9      FWD  Front Wheel Drive      NaN        NaN    2  All Wheel Std   

  SECURITY                               SECURITY_T  DRL          DRL_T  \
0        P                                 Pass Key    S       Standard   
1        I                              Immobilizer    N  Not Available   
2      NaN                                      NaN  NaN            NaN   
3        T                                    Other    N  Not Available   
4      NaN                                      NaN  NaN            NaN   
5        F            Immobilizer and keyless entry    S       Standard   
6        E               Passive engine immobilizer    O       Optional   
7        U                                  Unknown    N  Not Available   
8        P                                 Pass Key    O       Optional   
9        B  Immobilizer / keyless entry / and alarm    S       Standard   

  RSTRNT                                        RSTRNT_T TKCAB  \
0      4  Dual Frnt Ar Bgs/Passenger Sensor/Active Belts   SUV   
1      R     Du Ar Bgs Frnt/Sd/Actv Blts w/Ato Pass Snsr   SUV   
2    NaN                                             NaN   CLN   
3      E                 Dual Front Air Bag/Active Belts   SUV   
4    NaN                                             NaN   CLN   
5      7    Du Frnt/Sd/Hd Air Bgs/Rr Hd Ar Bgs/Act Belts   NaN   
6      4  Dual Frnt Ar Bgs/Passenger Sensor/Active Belts   CON   
7      E                 Dual Front Air Bag/Active Belts   NaN   
8      E                 Dual Front Air Bag/Active Belts   NaN   
9      7    Du Frnt/Sd/Hd Air Bgs/Rr Hd Ar Bgs/Act Belts   NaN   

             TKCAB_T TKAXLEF      TKAXLEF_T TKAXLER TKAXLER_T TKBRAK  \
0      Sport Utility       N  Standard Axle       S    Single    HYD   
1      Sport Utility       U        Unknown       U   Unknown      U   
2  Long Conventional       U        Unknown       T    Tandem    AIR   
3      Sport Utility       U        Unknown       U   Unknown      U   
4  Long Conventional      SF     Setforward       T    Tandem    AIR   
5                NaN     NaN            NaN     NaN       NaN    NaN   
6       Conventional       U        Unknown       S    Single    HYD   
7                NaN     NaN            NaN     NaN       NaN    NaN   
8                NaN     NaN            NaN     NaN       NaN    NaN   
9                NaN     NaN            NaN     NaN       NaN    NaN   

    TKBRAK_T ENGMFG        ENGMFG_T   ENGMODEL TKDUTY     TKDUTY_T TKBEDL  \
0  HYDRAULIC    080  GENERAL MOTORS       4.8L     ME  Medium Duty    NaN   
1    Unknown    NaN             NaN        NaN      U      Unknown    NaN   
2        AIR    030  DETROIT DIESEL  SERIES 60     HV   Heavy Duty    NaN   
3    Unknown    NaN             NaN        NaN      U      Unknown    NaN   
4        AIR    020         Cummins        ISX     HV   Heavy Duty    NaN   
5        NaN    NaN             NaN        NaN    NaN          NaN    NaN   
6  HYDRAULIC    070            FORD       2.3L     ME  Medium Duty      R   
7        NaN    NaN             NaN        NaN    NaN          NaN    NaN   
8        NaN    NaN             NaN        NaN    NaN          NaN    NaN   
9        NaN    NaN             NaN        NaN    NaN          NaN    NaN   

  TKBEDL_T SEGMNT                          SEGMNT_T PLANT     PLNTCTRY_T  \
0      NaN      Z          Non Luxury Full Size SUV     J  United States   
1      NaN      P            Non Luxury Compact CUV     C          Japan   
2      NaN      9                  Commercial Truck     L  United States   
3      NaN      U           Non Luxury Mid Size SUV     C  United States   
4      NaN      9                  Commercial Truck     N         Mexico   
5      NaN      H   Non Luxury Traditional Mid Size     C  United States   
6  Regular      T        Non Luxury Mid Size Pickup     P  United States   
7      NaN      F    Non Luxury Traditional Compact     Z  United States   
8      NaN      K  Non Luxury Traditional Full Size     A  United States   
9      NaN      H   Non Luxury Traditional Mid Size     H  United States   

        PLNTCITY PLNTCTRY PLNTSTAT      PLNTSTAT_T ORIGIN  \
0     JANESVILLE      USA       WI       WISCONSIN      D   
1         SAYAMA      JPN      NaN             NaN      I   
2      CLEVELAND      USA       NC  NORTH CAROLINA      D   
3      JEFFERSON      USA       MI        MICHIGAN      D   
4       ESCOBEDO      MEX      NaN             NaN      D   
5    CHATTANOOGA      USA       TN       TENNESSEE      B   
6       St. PAUL      USA       MN       MINNESOTA      D   
7        FREMONT      USA       CA      CALIFORNIA      B   
8        ATLANTA      USA       GA         GEORGIA      D   
9  GEORGIA PLANT      USA       GA         GEORGIA      B   

                        ORIGIN_T  DISPCLMT BLOCKTYPE ENGHEAD  \
0                       Domestic       4.8    V-type     NaN   
1                         Import       2.4   In-Line    DOHC   
2                       Domestic      14.0       NaN     NaN   
3                       Domestic       4.0   In-Line     NaN   
4                       Domestic      15.0       NaN     NaN   
5  Import Built in North America       1.8   In-Line    DOHC   
6                       Domestic       2.3   In-Line    DOHC   
7  Import Built in North America       1.8   In-Line     NaN   
8                       Domestic       3.0    V-type     NaN   
9  Import Built in North America       2.4   In-Line    DOHC   

                  ENGHEAD_T  VLVCLNDR  VLVTOTAL ENGVINCD INCOMPLT BATTYP  \
0                       NaN       0.0       0.0        V        N    NaN   
1  Double Overhead Camshaft       4.0       0.0      RD7        N    NaN   
2                       NaN       0.0       0.0       CK        N    NaN   
3                       NaN       0.0       0.0        S        N    NaN   
4                       NaN       0.0       0.0       AP        N    NaN   
5  Double Overhead Camshaft       4.0      16.0        T        N    NaN   
6  Double Overhead Camshaft       4.0      16.0        D        N    NaN   
7                       NaN       0.0       0.0        B        N    NaN   
8                       NaN       0.0       0.0        U        N    NaN   
9  Double Overhead Camshaft       4.0      16.0        F        N    NaN   

  BATTYP_T  BATKWRTG  BATVOLT SUPCHRGR SUPCHRGR_T TURBO TURBO_T ENGVVT  \
0      NaN       NaN      NaN      NaN        NaN   NaN     NaN    NaN   
1      NaN       NaN      NaN      NaN        NaN   NaN     NaN      Y   
2      NaN       NaN      NaN      NaN        NaN   NaN     NaN    NaN   
3      NaN       NaN      NaN      NaN        NaN   NaN     NaN    NaN   
4      NaN       NaN      NaN      NaN        NaN   NaN     NaN    NaN   
5      NaN       NaN      NaN        N         No     Y     Yes      Y   
6      NaN       NaN      NaN        N         No     N      No      N   
7      NaN       NaN      NaN      NaN        NaN   NaN     NaN    NaN   
8      NaN       NaN      NaN      NaN        NaN   NaN     NaN    NaN   
9      NaN       NaN      NaN        N         No     N      No      Y   

  MCYUSAGE MCYUSAGE_T  
0      NaN        NaN  
1      NaN        NaN  
2      NaN        NaN  
3      NaN        NaN  
4      NaN        NaN  
5      NaN        NaN  
6      NaN        NaN  
7      NaN        NaN  
8      NaN        NaN  
9      NaN        NaN  
